0 0.09620098039215687 0.3946078431372549 0.11070261437908496 0.1642156862745098
0 0.3406372549019608 0.28719669117647056 0.09541666666666668 0.08174938725490195
0 0.32516339869281047 0.28661151960784315 0.05555555555555555 0.05238970588235294
0 0.46548202614379086 0.3082107843137255 0.11397058823529412 0.06862745098039216
0 0.4750816993464052 0.7325367647058824 0.4223856209150327 0.4736519607843137
0 0.13245506535947713 0.2739185049019608 0.07332516339869281 0.05927389705882353
0 0.12316176470588236 0.27450980392156865 0.02900326797385621 0.04411764705882353
0 0.024918300653594773 0.4195772058823529 0.049836601307189546 0.13449754901960784
0 0.634734477124183 0.5793382352941177 0.26974264705882356 0.3555729166666666
0 0.6607393790849673 0.3873008578431373 0.1932312091503268 0.15123468137254903
0 0.6137663398692811 0.3380667892156863 0.18641339869281046 0.1303829656862745