0 0.7352941176470589 0.21783088235294118 0.24019607843137256 0.1881127450980392
0 0.38480392156862747 0.5811887254901961 0.553921568627451 0.6893382352941176
0 0.9536356209150327 0.14399509803921567 0.09191176470588236 0.14276960784313725
0 0.39950980392156865 0.16927083333333334 0.14215686274509803 0.16758578431372548
0 0.5300245098039216 0.21231617647058823 0.18668300653594772 0.23774509803921567
0 0.09382761437908496 0.11125919117647058 0.1402736928104575 0.11498161764705883
0 0.1085375816993464 0.13048406862745096 0.04714052287581699 0.08143382352941177
0 0.04767565359477124 0.34334252450980396 0.09535130718954248 0.2038419117647059
0 0.07873774509803921 0.4259129901960785 0.15747549019607843 0.18702818627450982
0 0.8853308823529411 0.14549325980392155 0.09949754901960783 0.14055759803921566
0 0.9721282679738562 0.13024816176470588 0.04842728758169935 0.12079044117647059
0 0.7203104575163398 0.0946997549019608 0.07991830065359476 0.08033088235294117
0 0.6090073529411765 0.12274203431372549 0.07381127450980392 0.12722120098039216
0 0.5201633986928104 0.13599264705882352 0.06361519607843137 0.1215594362745098
0 0.4564460784313726 0.09791973039215687 0.05872549019607843 0.09595894607843136
0 0.374750816993464 0.08282475490196077 0.09141339869281045 0.048921568627450986