0 0.9722222222222222 0.7532598039215685 0.05555555555555555 0.06534620098039215
0 0.9282720588235294 0.6932015931372549 0.07386029411764707 0.06777879901960784
0 0.8600571895424837 0.6349816176470588 0.05998366013071896 0.061629901960784314
0 0.8069566993464052 0.5856495098039215 0.1008374183006536 0.06713235294117648
0 0.5680065359477124 0.34082107843137255 0.08862336601307189 0.06154105392156863
0 0.7416013071895425 0.5121078431372549 0.06817401960784313 0.0671078431372549
0 0.6860539215686274 0.45143995098039214 0.055110294117647056 0.08057291666666667
0 0.6264174836601307 0.3978125 0.017544934640522876 0.0652359068627451
0 0.515718954248366 0.2844362745098039 0.11477532679738563 0.04681678921568627
0 0.46548202614379086 0.23173406862745097 0.1041625816993464 0.03944546568627451
0 0.40339460784313724 0.17197916666666668 0.07803104575163398 0.03636335784313725
0 0.33967320261437906 0.10671568627450981 0.08131127450980392 0.05901960784313725
0 0.2743218954248366 0.046348039215686275 0.08132352941176471 0.042454044117647055