0 0.8300653594771242 0.41712622549019607 0.184640522875817 0.203125
0 0.6239787581699346 0.4934129901960784 0.29616013071895425 0.24724264705882354
0 0.9767156862745098 0.3697916666666667 0.0457516339869281 0.12009803921568628
0 0.9389297385620915 0.5127144607843137 0.1213235294117647 0.17432598039215685
0 0.6450163398692811 0.3443627450980392 0.125 0.10845588235294118
0 0.4068627450980392 0.45235906862745096 0.20261437908496732 0.22579656862745098
0 0.5868055555555556 0.4192708333333333 0.16299019607843138 0.20128676470588236
0 0.8074223856209151 0.3155974264705882 0.1073733660130719 0.04878063725490196
0 0.5798080065359477 0.2946078431372549 0.07854166666666668 0.04049938725490196
0 0.4721772875816994 0.30012254901960783 0.10180555555555555 0.05765931372549019
0 0.33309640522875816 0.3263235294117647 0.13078022875816991 0.0702328431372549
0 0.7352287581699346 0.3206587009803922 0.08224264705882353 0.11098345588235294