0 0.7350898692810458 0.8053002450980392 0.5281862745098039 0.3869485294117647
0 0.5992647058823529 0.10753676470588236 0.1111111111111111 0.1409313725490196
0 0.15134803921568626 0.17310049019607843 0.2267156862745098 0.25980392156862747
0 0.3888888888888889 0.17723651960784315 0.26062091503267976 0.18903186274509803
0 0.8764297385620915 0.2565870098039216 0.2455065359477124 0.22212009803921567
0 0.6119281045751634 0.23544730392156862 0.32516339869281047 0.12898284313725492
0 0.8674428104575164 0.15548406862745098 0.1213235294117647 0.16268382352941177
0 0.15236928104575165 0.5525428921568627 0.30392156862745096 0.7098651960784313
0 0.39862745098039215 0.07888174019607844 0.14583741830065358 0.06136029411764705
0 0.6008169934640523 0.07357230392156862 0.13354983660130712 0.083422181372549
0 0.768423202614379 0.07969975490196078 0.0793341503267974 0.05482536764705883
0 0.9109885620915033 0.09849571078431373 0.12301470588235308 0.0924172794117647
0 0.05660947712418301 0.13037071078431373 0.11321895424836602 0.19701899509803927
0 0.1342156862745098 0.1138235294117647 0.12355392156862742 0.18434742647058824
0 0.3647263071895425 0.05038909313725491 0.13522467320261436 0.08402573529411765