0 0.6495098039215687 0.23284313725490197 0.3047385620915033 0.15257352941176472
0 0.2908496732026144 0.24479166666666666 0.33578431372549017 0.15992647058823528
0 0.07066993464052287 0.24862132352941177 0.14133986928104575 0.15533088235294118
0 0.7079248366013072 0.11887254901960784 0.08496732026143791 0.018995098039215685
0 0.8950163398692811 0.2270220588235294 0.20751633986928106 0.12928921568627452
0 0.4097222222222222 0.1331188725490196 0.13480392156862744 0.015012254901960785
0 0.7847222222222222 0.13955269607843138 0.1511437908496732 0.04013480392156863
0 0.4105392156862745 0.21997549019607843 0.20261437908496732 0.1721813725490196
0 0.6341911764705882 0.14522058823529413 0.18995098039215685 0.03553921568627451
0 0.8610212418300655 0.19162683823529414 0.17120506535947708 0.14591605392156862
0 0.04370915032679738 0.16018382352941177 0.08741830065359477 0.03605392156862747
0 0.2054248366013072 0.15926470588235295 0.17064950980392157 0.028088235294117667