0 0.471609477124183 0.3324142156862745 0.2659313725490196 0.3425245098039216
0 0.49557189542483665 0.08204963235294117 0.07828839869281046 0.06973651960784313
0 0.4991830065359477 0.07368259803921569 0.06944444444444445 0.05177696078431373
0 0.6055964052287581 0.08057598039215687 0.08047385620915033 0.03308823529411765
0 0.22242647058823528 0.08685661764705882 0.04534313725490196 0.06158088235294118
0 0.39263888888888887 0.08695159313725491 0.10118055555555555 0.04685968137254901
0 0.40236928104575165 0.0857843137254902 0.08006535947712418 0.03860294117647059
0 0.9217728758169934 0.10232843137254902 0.12867647058823528 0.05759803921568627
0 0.9325980392156863 0.06770833333333333 0.09477124183006536 0.03125
0 0.735498366013072 0.07720588235294118 0.06740196078431372 0.015931372549019607
0 0.7324346405228758 0.10355392156862746 0.10130718954248366 0.04779411764705882
0 0.13109477124183008 0.10848039215686274 0.1250653594771242 0.11443014705882353
0 0.026687091503267972 0.13363357843137255 0.053378267973856204 0.09733149509803922
0 0.4833129084967321 0.22730085784313725 0.2117238562091503 0.19275735294117646
0 0.5037377450980393 0.19328737745098037 0.17087418300653595 0.16762254901960785