0 0.10457516339869281 0.5499387254901961 0.08823529411764706 0.09252450980392157
0 0.5610702614379085 0.4111519607843137 0.10253267973856209 0.1323529411764706
0 0.16830065359477125 0.49693627450980393 0.08088235294117647 0.08639705882352941
0 0.22201797385620914 0.4407169117647059 0.05024509803921569 0.05974264705882353
0 0.1954656862745098 0.46200980392156865 0.0559640522875817 0.04963235294117647
0 0.04084967320261438 0.6315870098039216 0.08169934640522876 0.13756127450980393
0 0.25485294117647056 0.39873161764705883 0.04347222222222225 0.04337928921568632
0 0.27582107843137255 0.37299019607843137 0.025498366013071923 0.02457720588235288
0 0.28861928104575163 0.35746629901960786 0.012969771241830066 0.026207107843137244
0 0.31203839869281047 0.34929534313725485 0.027124183006535983 0.02620404411764712
0 0.02176062091503268 0.3820802696078431 0.041446078431372546 0.03254595588235295
0 0.05879084967320261 0.36696384803921567 0.010955882352941173 0.026822916666666724
0 0.08874591503267974 0.3602236519607843 0.01640522875816992 0.025594362745098027
0 0.13054738562091503 0.3471507352941176 0.03901552287581699 0.032126225490196114