0 0.6597222222222222 0.49387254901960786 0.29983660130718953 0.2181372549019608
0 0.11417483660130719 0.48682598039215685 0.2275326797385621 0.22120098039215685
0 0.35110294117647056 0.48606004901960786 0.2757352941176471 0.22763480392156862
0 0.4569035947712418 0.34512867647058826 0.1482843137254902 0.0664828431372549
0 0.5337009803921569 0.2728247549019608 0.10089869281045752 0.04197303921568627
0 0.09170751633986927 0.34099264705882354 0.1613562091503268 0.0784313725490196
0 0.19015522875816993 0.27297794117647056 0.09763071895424837 0.041666666666666664
0 0.16727941176470587 0.21783088235294118 0.04861111111111111 0.026348039215686275
0 0.03145424836601307 0.27175245098039214 0.06290849673202614 0.037377450980392156
0 0.5884395424836601 0.23789828431372548 0.05841503267973856 0.03216911764705882
0 0.23937908496732027 0.21783088235294118 0.059640522875817 0.025735294117647058
0 0.021037581699346407 0.23881740196078433 0.042075163398692814 0.02971813725490196
0 0.3151552287581699 0.2737438725490196 0.0951797385620915 0.04197303921568627
0 0.661968954248366 0.3449754901960784 0.15073529411764705 0.06556372549019608
0 0.27369281045751637 0.23973651960784315 0.07598039215686274 0.030330882352941176
0 0.14133986928104575 0.23897058823529413 0.07434640522875817 0.029411764705882353
0 0.6650326797385621 0.21752450980392157 0.06372549019607843 0.025735294117647058
0 0.5727124183006536 0.2181372549019608 0.06209150326797386 0.026348039215686275
0 0.06740196078431372 0.21568627450980393 0.042483660130718956 0.022058823529411766
0 0.698937908496732 0.26669730392156865 0.09967320261437909 0.050551470588235295
0 0.6977124183006536 0.23560049019607843 0.0784313725490196 0.028186274509803922