0 0.7420343137254902 0.7431066176470589 0.514297385620915 0.5101102941176471
0 0.13970588235294118 0.7152267156862745 0.2785947712418301 0.4212622549019608
0 0.29831699346405227 0.27150122549019606 0.08637663398692812 0.11959558823529409
0 0.2861519607843137 0.2679227941176471 0.08374183006535947 0.09895833333333333
0 0.13316993464052287 0.27650122549019607 0.18382352941176472 0.13388480392156862
0 0.43300653594771243 0.30667892156862747 0.059640522875817 0.15502450980392157
0 0.6983251633986928 0.35232843137254904 0.21854575163398693 0.09865196078431372
0 0.36499183006535946 0.21966911764705882 0.054330065359477125 0.05330882352941176
0 0.5149101307189542 0.3828125 0.17769607843137256 0.21170343137254902
0 0.04330065359477124 0.3549325980392157 0.08660130718954248 0.14246323529411764
0 0.6593137254901961 0.2841605392156863 0.14787581699346405 0.10263480392156862
0 0.8556658496732027 0.3061305147058824 0.13589052287581693 0.1582169117647059
0 0.42228349673202614 0.2019393382352941 0.046772875816993464 0.04787377450980392