0 0.8974673202614379 0.1724877450980392 0.2034313725490196 0.3443627450980392
0 0.45322712418300654 0.45159313725490197 0.3729575163398693 0.31495098039215685
0 0.7105800653594772 0.32184436274509803 0.46691176470588236 0.36121323529411764
0 0.24531045751633987 0.5525704656862744 0.3092483660130719 0.24606924019607837
0 0.11825980392156862 0.6282169117647058 0.23651960784313725 0.18290441176470587
0 0.7040196078431373 0.09446078431372548 0.22176062091503262 0.1080422794117647
0 0.5078676470588235 0.18217524509803923 0.1329575163398693 0.1247671568627451
0 0.25114787581699344 0.33170343137254904 0.054080882352941125 0.056176470588235335
0 0.30506535947712415 0.3266513480392157 0.12597630718954242 0.09815257352941173
0 0.14964460784313724 0.4037132352941177 0.05692401960784314 0.05926164215686269
0 0.18987745098039216 0.3971231617647059 0.09491421568627452 0.0675337009803921
0 0.39125 0.25786151960784315 0.07616013071895428 0.122953431372549
0 0.6634926470588235 0.06435661764705883 0.14033496732026143 0.11278186274509804
0 0.5321691176470589 0.12977328431372548 0.08026960784313726 0.06285539215686274
0 0.3522426470588235 0.23931678921568628 0.0765604575163399 0.05216299019607843