0 0.587201797385621 0.43883272058823525 0.12015522875816988 0.11639093137254905
0 0.6126919934640522 0.3959313725490196 0.0730964052287582 0.07470281862745096
0 0.5646568627450981 0.3803002450980392 0.05545751633986919 0.052025122549019594
0 0.6470057189542483 0.38704350490196077 0.030608660130718886 0.06795955882352946
0 0.518827614379085 0.4136488970588236 0.10268382352941172 0.15303002450980385
0 0.4368872549019608 0.4605912990196078 0.11364379084967317 0.1415226715686274
0 0.3328186274509804 0.42569546568627453 0.10429330065359475 0.16233455882352946
0 0.3052900326797386 0.47883578431372553 0.05968545751633983 0.07443627450980393
0 0.2989174836601307 0.4926256127450981 0.04301879084967318 0.0725919117647059
0 0.3311029411764706 0.46026654411764706 0.08648284313725492 0.06867953431372552
0 0.3204003267973856 0.46933823529411767 0.06377042483660127 0.07015012254901955