0 0.2877859477124183 0.45113357843137253 0.10008169934640523 0.1210171568627451
0 0.1815767973856209 0.45419730392156865 0.06495098039215687 0.13204656862745098
0 0.4348978758169935 0.43814950980392153 0.09528594771241834 0.09627144607843138
0 0.5317034313725489 0.444047181372549 0.08464869281045743 0.10654105392156862
0 0.6010416666666666 0.4215992647058823 0.029289215686274437 0.06930147058823524
0 0.6536315359477124 0.40620098039215685 0.04664215686274503 0.04616421568627446
0 0.7795383986928104 0.43018075980392156 0.1003349673202614 0.08033700980392151
0 0.8884967320261438 0.4291084558823529 0.06702614379084965 0.09964154411764707
0 0.21790441176470587 0.4438939950980392 0.07183415032679737 0.11542585784313726
0 0.31838643790849674 0.4368474264705882 0.06854983660130717 0.10132965686274503
0 0.45205473856209155 0.4132475490196078 0.06424019607843146 0.05413296568627453
0 0.5222099673202614 0.38674019607843135 0.051360294117647066 0.010306372549019569