0 0.11149509803921569 0.42591605392156867 0.1572222222222222 0.15912377450980392
0 0.1111111111111111 0.42386642156862747 0.16094771241830066 0.15839460784313725
0 0.3329248366013072 0.7870710784313726 0.45098039215686275 0.42340686274509803
0 0.7303921568627451 0.33425245098039214 0.09803921568627451 0.07965686274509803
0 0.27355392156862746 0.41856004901960786 0.15658088235294118 0.14441482843137254
0 0.2665441176470588 0.40793504901960786 0.15400326797385622 0.12898284313725492
0 0.511437908496732 0.37224264705882354 0.11029411764705882 0.11151960784313726
0 0.829452614379085 0.32506127450980393 0.09926470588235294 0.07230392156862746
0 0.9109477124183006 0.4854595588235294 0.1781045751633987 0.20376531862745098
0 0.9054330065359477 0.49846813725490197 0.17279411764705882 0.22303921568627452
0 0.6899509803921569 0.592984068627451 0.24673202614379086 0.3403799019607843
0 0.7463235294117647 0.4580269607843137 0.184640522875817 0.17647058823529413
0 0.6111111111111112 0.3665747549019608 0.10620915032679738 0.11795343137254902
0 0.1509558823529412 0.7226439950980392 0.3019117647058824 0.3962683823529412
0 0.32542892156862746 0.38615502450980393 0.07243055555555555 0.12096200980392156
0 0.5019893790849673 0.3534436274509804 0.08036356209150326 0.10302696078431371
0 0.9343464052287582 0.3090104166666667 0.03413807189542483 0.06930759803921568
0 0.895032679738562 0.3162867647058823 0.055588235294117654 0.06701286764705883
0 0.8024142156862745 0.3188174019607843 0.05621732026143791 0.07666360294117647
0 0.5400735294117647 0.4441421568627451 0.1544934640522876 0.07609068627450981