0 0.9722222222222222 0.7532598039215685 0.05555555555555555 0.06534620098039215
0 0.9282720588235294 0.6932015931372549 0.07386029411764722 0.0677787990196077
0 0.8600571895424837 0.6349816176470588 0.05998366013071901 0.06162990196078427
0 0.8069566993464052 0.5856495098039215 0.10083741830065356 0.06713235294117643
0 0.5680065359477124 0.34082107843137255 0.08862336601307182 0.06154105392156859
0 0.7416013071895425 0.5121078431372549 0.06817401960784308 0.06710784313725489
0 0.6860539215686274 0.45143995098039214 0.055110294117647 0.0805729166666666
0 0.6264174836601307 0.3978125 0.017544934640522803 0.06523590686274505
0 0.515718954248366 0.2844362745098039 0.11477532679738572 0.04681678921568626
0 0.46548202614379086 0.23173406862745097 0.10416258169934636 0.03944546568627451
0 0.40339460784313724 0.17197916666666668 0.07803104575163398 0.036363357843137274
0 0.33967320261437906 0.10671568627450981 0.0813112745098039 0.05901960784313725
0 0.2743218954248366 0.046348039215686275 0.08132352941176467 0.042454044117647055