0 0.2346813725490196 0.2512254901960784 0.35171568627450983 0.1954656862745098
0 0.6025326797385621 0.23069852941176472 0.32516339869281047 0.18504901960784315
0 0.922998366013072 0.21629901960784315 0.15236928104575165 0.15502450980392157
0 0.6521650326797386 0.09099264705882353 0.08374183006535947 0.026348039215686275
0 0.04595588235294118 0.2760416666666667 0.09191176470588236 0.14644607843137256
0 0.5782271241830066 0.12576593137254902 0.19321895424836602 0.04442401960784314
0 0.7295751633986928 0.11488970588235294 0.15441176470588236 0.051470588235294115
0 0.8031045751633987 0.19439338235294118 0.20016339869281047 0.20435049019607843
0 0.3568382352941176 0.21826286764705882 0.1294607843137255 0.2085845588235294
0 0.35437091503267976 0.2110906862745098 0.20955882352941177 0.19669117647058823
0 0.13993055555555556 0.1569669117647059 0.1801919934640523 0.06148590686274511
0 0.8022017973856209 0.11606004901960784 0.19080065359477122 0.05401960784313727