0 0.09620098039215687 0.3946078431372549 0.11070261437908496 0.1642156862745098
0 0.3406372549019608 0.2871966911764706 0.09541666666666664 0.08174938725490197
0 0.32516339869281047 0.28661151960784315 0.05555555555555555 0.05238970588235294
0 0.46548202614379086 0.3082107843137255 0.11397058823529412 0.06862745098039216
0 0.4750816993464052 0.7325367647058824 0.4223856209150327 0.4736519607843137
0 0.13245506535947713 0.2739185049019608 0.07332516339869281 0.059273897058823535
0 0.12316176470588236 0.27450980392156865 0.02900326797385621 0.04411764705882353
0 0.024918300653594773 0.4195772058823529 0.049836601307189546 0.13449754901960784
0 0.634734477124183 0.5793382352941177 0.2697426470588235 0.35557291666666674
0 0.6607393790849673 0.3873008578431373 0.19323120915032688 0.15123468137254906
0 0.6137663398692811 0.3380667892156863 0.1864133986928105 0.13038296568627453